# n pixels, tau [clk cnts], tau_err [clk_cnts], slope [counts/clk_cnts]
170   6131.00  0.58  2.50 
160   5771.00  0.58  2.50 
180   6491.00  0.58  2.70 
40   1451.00  0.58  2.65 
110   3971.00  0.58  2.65 
120   4333.00  0.58  2.85 
100   3611.00  0.58  2.65 
50   1813.00  0.58  2.70 
90   3251.00  0.58  2.75 
20   731.00  0.58  2.65 
30   1091.00  0.58  2.65 
140   5051.00  0.58  2.75 
70   2531.00  0.58  2.75 
80   2891.00  0.58  2.75 
130   4691.00  0.58  2.65 
150   5411.00  0.58  2.75 
60   2171.00  0.58  2.75 
10   371.00  0.58  2.75 
