# n pixels, tau [clk cnts], tau_err [clk_cnts], slope [counts/clk_cnts]
180   6491.00  0.58  2.75 
20   731.00  0.58  2.75 
35   1270.00  0.58  2.75 
110   3971.00  0.58  2.80 
40   1451.00  0.58  2.85 
3   118.00  0.58  2.50 
4   155.00  0.58  2.80 
90   3251.00  0.58  2.75 
190   6851.00  0.58  2.80 
60   2171.00  0.58  2.75 
160   5771.00  0.58  2.80 
45   1630.00  0.58  2.75 
10   371.00  0.58  2.80 
30   1091.00  0.58  2.75 
170   6131.00  0.58  2.80 
150   5411.00  0.58  2.80 
7   262.00  0.58  2.70 
80   2891.00  0.58  2.80 
120   4331.00  0.58  2.80 
210   7571.00  0.58  2.75 
130   4691.00  0.58  2.80 
140   5051.00  0.58  2.80 
25   910.00  0.58  2.70 
15   550.00  0.58  2.75 
5   190.00  0.58  2.50 
8   299.00  0.58  2.80 
50   1811.00  0.58  2.50 
6   227.00  0.58  2.75 
1   46.00  0.58  2.00 
100   3611.00  0.58  2.80 
9   334.00  0.58  2.75 
70   2531.00  0.58  2.75 
200   7211.00  0.58  2.75 
